# Vector dorado de la red, sentido B: la pasada hacia delante calculada por Python.
# Red: golden-net.bin, pesos pseudoaleatorios con semilla 20260911, sha256 36631c29260fdcb25ccfb67e8a3c67114eb1e736f422080e17123a274e47ac9b
# Una línea por posición, en el orden de indices.txt: S cubo cp  (cp desde el bando que mueve)
-624725 7 -19
-973761 7 -30
116654 1 4
-783510 7 -24
-674863 7 -21
1193705 6 37
887688 6 28
-766263 4 -24
-581776 7 -18
-1006017 7 -31
-756462 7 -23
-616182 4 -19
-40243 3 -1
198255 2 6
-721863 7 -22
-513996 7 -16
-420205 7 -13
1687924 6 52
170412 3 5
337788 2 10
-564071 7 -17
632396 6 20
-674379 4 -21
526352 2 16
-852929 7 -26
-579087 7 -18
-231171 5 -7
-776611 4 -24
889336 3 28
-760752 7 -24
913324 6 28
-114063 4 -4
441445 2 14
-85626 2 -3
-698763 7 -22
-509890 7 -16
-290021 4 -9
-320326 7 -10
-438253 5 -14
437114 2 14
-1059887 7 -33
-896462 7 -28
-663619 7 -21
866798 6 27
-505199 4 -16
-319700 1 -10
-816841 7 -25
-248754 7 -8
1487323 6 46
2257 4 0
182940 4 6
-885951 7 -27
-631942 7 -20
-629075 7 -20
-715748 7 -22
-588026 7 -18
-88506 7 -3
504298 2 16
-982556 7 -30
-798236 7 -25
751302 6 23
1209690 6 38
-788637 4 -24
-513112 7 -16
-243119 7 -8
-29531 7 -1
-564086 7 -17
1757622 6 54
-697502 7 -22
-330419 7 -10
-160394 7 -5
-591653 7 -18
30458 5 1
-705682 7 -22
-533485 7 -17
-220025 4 -7
-343709 7 -11
-322839 7 -10
-859796 7 -27
815161 6 25
-569364 5 -18
-85778 3 -3
-58696 1 -2
1414766 6 44
1050455 6 33
-342379 5 -11
-470648 4 -15
-1008516 4 -31
-409392 4 -13
-141202 2 -4
-774529 7 -24
-571391 7 -18
-578407 7 -18
-419693 7 -13
-853764 4 -26
374306 2 12
115363 1 4
-649038 7 -20
-552958 7 -17
-318360 3 -10
112884 2 3
-539076 7 -17
-412353 7 -13
-593335 7 -18
-172124 7 -5
-523244 5 -16
321784 4 10
77207 4 2
-455414 4 -14
-754909 7 -23
-609173 7 -19
1119432 6 35
-218790 5 -7
-1021515 4 -32
-816219 4 -25
-288426 4 -9
-691343 7 -21
-720231 7 -22
-315800 7 -10
-784408 7 -24
138901 7 4
-690541 7 -21
594714 3 18
-594424 7 -18
-459736 7 -14
1410692 6 44
-114177 5 -4
-433739 4 -13
-566899 4 -18
-1030343 7 -32
-940520 7 -29
1416850 6 44
1167576 6 36
92027 2 3
1270730 6 39
-738640 5 -23
-348343 5 -11
-15482 2 0
-679455 7 -21
148000 7 5
265644 7 8
-709883 5 -22
-265442 5 -8
-883039 7 -27
-505556 7 -16
1164674 6 36
857235 6 27
997443 6 31
80460 3 2
-20847 3 -1
645939 1 20
-438357 7 -14
-886079 7 -27
-830467 7 -26
33640 7 1
1356047 6 42
-794707 5 -25
-699578 5 -22
-244358 4 -8
-874564 7 -27
-605531 7 -19
-402584 4 -12
-641382 4 -20
8539 2 0
454906 1 14
-671236 7 -21
-1035991 7 -32
-452903 7 -14
142416 5 4
-659052 4 -20
-172057 3 -5
-882422 7 -27
-241031 7 -7
-156073 7 -5
-179499 4 -6
208814 2 6
-419817 7 -13
860603 6 27
-514026 4 -16
-170496 1 -5
-468968 7 -15
-616497 7 -19
688180 3 21
-654745 7 -20
-509085 7 -16
-465327 7 -14
-524108 3 -16
298741 2 9
-729695 7 -23
-313361 7 -10
-441160 7 -14
-440174 7 -14
222057 5 7
-438370 4 -14
-810338 7 -25
-836697 7 -26
1225028 6 38
-1260197 4 -39
203817 3 6
-488368 7 -15
-565430 7 -18
1488843 6 46
-343252 4 -11
-27598 4 -1
-218912 1 -7
-407404 7 -13
-401677 7 -12
-267982 7 -8
-105154 7 -3
-406657 7 -13
-281899 4 -9
177106 1 5
-835798 7 -26
1347858 6 42
-652906 7 -20
-581171 7 -18
-610204 7 -19
-376301 5 -12
-265645 3 -8
-831527 7 -26
-482900 7 -15
-548821 5 -17
-195584 4 -6
473195 2 15
-421887 7 -13
-739673 7 -23
-675215 7 -21
-251432 3 -8
-730704 7 -23
-533174 7 -17
-739455 7 -23
-33201 2 -1
-194005 7 -6
-307454 7 -10
-50553 5 -2
-261675 3 -8
-450920 7 -14
-373278 7 -12
946886 6 29
1134888 6 35
-623614 4 -19
-233013 2 -7
161494 2 5
-638609 7 -20
1510021 6 47
-172991 5 -5
-19687 5 -1
132175 5 4
167879 5 5
-114364 4 -4
-416887 1 -13
-659788 7 -20
-559195 7 -17
-456090 7 -14
-522596 7 -16
-499171 7 -15
415744 5 13
-622046 7 -19
-678046 7 -21
1410918 6 44
1104915 6 34
-492543 2 -15
-176317 7 -5
-256830 7 -8
-723434 7 -22
-680345 7 -21
945780 6 29
447109 2 14
-880682 7 -27
-512592 7 -16
112131 5 3
638205 3 20
505828 2 16
-769086 7 -24
-529343 7 -16
-510152 7 -16
461595 3 14
348770 2 11
-324531 1 -10
-249457 1 -8
-596058 7 -18
-798747 7 -25
-309676 7 -10
-128102 7 -4
-439394 7 -14
341382 3 11
615202 3 19
425829 2 13
-358157 2 -11
-399879 2 -12
-418851 7 -13
-233088 4 -7
-1110593 7 -34
881851 6 27
922094 6 29
841449 5 26
-775912 7 -24
-575300 7 -18
-436278 7 -14
-13755 5 0
6941 5 0
-628977 1 -19
-888294 7 -28
-414604 7 -13
1093350 6 34
-684582 7 -21
-397453 7 -12
-483976 7 -15
-258473 7 -8
926930 6 29
-733647 4 -23
-698003 7 -22
-859412 7 -27
1159435 6 36
146816 3 5
-130424 1 -4
-323064 7 -10
-305761 7 -9
-613068 7 -19
736129 6 23
-478 5 0
-473732 7 -15
-422691 7 -13
787786 6 24
545711 6 17
33118 5 1
63317 3 2
-4119 1 0
123997 1 4
-750716 7 -23
-651286 7 -20
-927498 7 -29
-598104 7 -19
1298141 6 40
1190556 6 37
3950 3 0
-810396 7 -25
-254039 7 -8
-280752 7 -9
-449520 7 -14
1008889 6 31
-52004 5 -2
473882 3 15
-705371 7 -22
-934939 7 -29
-540371 7 -17
-288058 5 -9
-643566 7 -20
-647927 7 -20
-229939 3 -7
-305091 3 -9
-525089 7 -16
760946 6 24
363048 6 11
1123417 6 35
37714 2 1
233100 1 7
60295 1 2
-575063 7 -18
-685531 7 -21
142419 7 4
125354 2 4
-905291 7 -28
-756639 4 -23
-708534 4 -22
-838873 7 -26
-208194 7 -6
-35860 7 -1
535799 2 17
958581 6 30
-161642 5 -5
-268287 4 -8
-783406 7 -24
-246564 7 -8
1482245 6 46
-495812 4 -15
34314 3 1
327429 3 10
-193925 2 -6
-344236 7 -11
-1186598 7 -37
1238550 6 38
-759323 7 -24
-890486 7 -28
-1024996 7 -32
-763044 7 -24
-514270 7 -16
-283772 0 -9
-943171 7 -29
-278664 3 -9
-782801 7 -24
-454801 7 -14
-505705 7 -16
170953 3 5
-885661 7 -27
115081 3 4
169616 3 5
-690374 7 -21
-321320 7 -10
-147055 5 -5
423782 2 13
-891697 7 -28
-1147965 7 -36
-867070 7 -27
-1020265 4 -32
-845612 7 -26
-463984 7 -14
-695739 7 -22
1027772 6 32
1095005 6 34
-385947 5 -12
105838 3 3
-778345 0 -24
-441164 7 -14
-700220 7 -22
-87426 3 -3
414207 2 13
-652253 7 -20
-556204 7 -17
-531058 7 -16
-484575 7 -15
651612 5 20
-471902 5 -15
-542986 4 -17
-610304 7 -19
-548317 7 -17
-600400 5 -19
-628027 7 -19
-717260 7 -22
725595 3 22
-152914 3 -5
184352 2 6
-697612 7 -22
-809410 7 -25
-713614 7 -22
-407400 7 -13
847872 6 26
-805177 4 -25
-156303 2 -5
-487678 7 -15
-176045 7 -5
1304216 6 40
431836 5 13
-517128 4 -16
87085 4 3
-760136 7 -24
-855747 7 -27
-566048 7 -18
-378185 7 -12
-847853 7 -26
238083 3 7
-768909 7 -24
-470896 7 -15
-562470 7 -17
181327 4 6
234574 1 7
-910959 7 -28
-855723 7 -27
-786777 7 -24
-240342 7 -7
-42403 5 -1
-231726 3 -7
-135230 3 -4
54098 2 2
-825150 7 -26
-547486 7 -17
-679104 7 -21
-90337 5 -3
-386011 7 -12
957332 6 30
27516 1 1
-653709 7 -20
-347656 7 -11
-361358 7 -11
-425214 7 -13
1030997 6 32
172599 5 5
-738638 7 -23
-713003 7 -22
-573730 7 -18
-797937 7 -25
-1082006 7 -34
-630631 7 -20
-982013 7 -30
1012029 6 31
628391 3 19
141672 2 4
-415914 7 -13
-805255 7 -25
-365915 7 -11
-646771 7 -20
1336263 6 41
844335 6 26
-649919 7 -20
-717921 7 -22
-422919 7 -13
-241559 7 -7
-72066 3 -2
-249865 3 -8
13291 1 0
-633166 7 -20
-427353 7 -13
-218478 7 -7
1144380 6 35
-316535 7 -10
-776588 5 -24
-346142 5 -11
-170715 2 -5
-907474 7 -28
-1011742 7 -31
866414 6 27
-86169 5 -3
-782772 0 -24
430176 0 13
41950 1 1
375908 1 12
3483 1 0
250234 1 8
282491 1 9
682475 1 21
-58953 1 -2
335418 1 10
-100492 1 -3
308630 1 10
-474663 0 -15
-472189 0 -15
-876542 0 -27
-301546 0 -9
395549 1 12
79565 1 2
370260 1 11
-201957 1 -6
-154849 1 -5
-505674 1 -16
315285 1 10
-67612 1 -2
-599655 0 -19
-880421 0 -27
-115608 0 -4
-766699 0 -24
-416765 0 -13
-610739 0 -19
-499067 0 -15
-820936 0 -25
-820143 0 -25
-608956 0 -19
-345919 0 -11
201046 1 6
-209224 1 -6
50654 1 2
19916 1 1
347381 1 11
-169202 1 -5
-277650 0 -9
-385456 0 -12
127531 0 4
-200294 0 -6
-414214 0 -13
-503865 0 -16
-482888 0 -15
-117544 1 -4
301719 1 9
47074 1 1
397783 1 12
-529764 0 -16
-785548 0 -24
-189340 0 -6
-180676 0 -6
-593679 0 -18
-556474 0 -17
-20002 0 -1
-203456 0 -6
-369075 0 -11
-365829 0 -11
-251158 0 -8
-722511 0 -22
-409409 0 -13
-518906 0 -16
147891 0 5
-558678 0 -17
-305417 0 -9
-211045 0 -7
-549736 0 -17
-213588 0 -7
1323250 6 41
401170 1 12
287605 1 9
205482 1 6
491829 1 15
405980 1 13
-170334 1 -5
-577359 0 -18
-633246 0 -20
-883611 0 -27
-186462 0 -6
18331 0 1
-673097 0 -21
-775272 0 -24
-340320 0 -11
112585 1 3
218993 1 7
411911 1 13
187844 1 6
-756000 0 -23
17790 0 1
-411388 0 -13
-779187 0 -24
-898620 0 -28
-553159 0 -17
-234010 0 -7
10697 0 0
-65324 0 -2
-445589 0 -14
-90641 0 -3
-25724 0 -1
12806 0 0
-309184 0 -10
-293089 0 -9
-833842 0 -26
-294866 0 -9
-578424 0 -18
-243000 0 -8
-568439 0 -18
-471548 0 -15
-279972 0 -9
-459421 0 -14
-1202584 0 -37
-418770 0 -13
-739398 0 -23
-198380 0 -6
-748077 0 -23
-783882 0 -24
24974 0 1
336490 3 10
468545 3 15
497382 3 15
-35358 1 -1
-79232 1 -2
21173 1 1
-122487 1 -4
-762912 0 -24
-585174 0 -18
-448775 0 -14
-309508 0 -10
-658915 0 -20
-56137 0 -2
-810944 0 -25
-501711 0 -16
-462973 0 -14
-689017 0 -21
-469871 0 -15
-412478 0 -13
-364998 0 -11
-524256 0 -16
-207392 0 -6
-677515 0 -21
-156931 1 -5
251874 1 8
190093 1 6
32120 1 1
-284746 0 -9
-410438 0 -13
-660807 0 -20
-455719 0 -14
-695485 0 -22
-217523 0 -7
-573432 0 -18
-110117 0 -3
-358246 1 -11
440505 1 14
-51145 1 -2
342266 1 11
-154084 1 -5
522532 1 16
61219 1 2
208128 1 6
-45131 1 -1
501428 1 16
-30987 1 -1
-539684 0 -17
-958758 0 -30
-174786 0 -5
-177065 0 -5
-492834 0 -15
-248629 0 -8
-423586 0 -13
-602145 0 -19
-348382 0 -11
-364638 0 -11
-474562 0 -15
-640687 0 -20
-287860 0 -9
-4669 0 0
-739595 0 -23
-684894 0 -21
-672635 0 -21
-164945 0 -5
-116108 0 -4
-497559 0 -15
-634622 0 -20
173860 0 5
-67028 0 -2
-452511 0 -14
370647 1 11
138375 1 4
328750 1 10
321556 1 10
197926 1 6
267759 1 8
273892 1 8
-198775 1 -6
336448 1 10
-90781 1 -3
184580 1 6
11323 1 0
462252 1 14
480670 1 15
275602 1 9
331459 1 10
-262726 0 -8
-169807 0 -5
-258761 0 -8
-486911 0 -15
-814287 0 -25
-163017 0 -5
-366377 0 -11
-173110 0 -5
-399743 0 -12
-492414 0 -15
5781 0 0
-326983 0 -10
-350024 0 -11
-770089 0 -24
667535 1 21
192837 1 6
315489 1 10
494821 1 15
492984 1 15
546148 1 17
538378 1 17
-219458 1 -7
677215 1 21
86269 1 3
526700 1 16
341276 1 11
125977 1 4
-56434 1 -2
301746 1 9
60841 1 2
9027 1 0
-527838 0 -16
-746081 0 -23
-720841 0 -22
-589548 0 -18
358676 2 11
350136 2 11
570126 2 18
79054 2 2
515081 2 16
750349 2 23
840773 2 26
-129669 2 -4
36328 1 1
-391213 0 -12
-592453 0 -18
56466 1 2
312760 1 10
40037 1 1
64912 1 2
-1614 1 0
122540 1 4
394117 1 12
178751 1 6
221947 1 7
335813 1 10
-6742 1 0
330456 1 10
112323 1 3
115868 1 4
56868 1 2
-176631 1 -5
-260001 1 -8
-118772 1 -4
-322849 1 -10
-266931 1 -8
-168310 1 -5
-171331 1 -5
-53177 1 -2
511835 1 16
29113 1 1
-836110 0 -26
-565077 0 -18
62154 0 2
-290472 0 -9
-326113 0 -10
52683 1 2
-185525 1 -6
54817 1 2
-51650 1 -2
196951 1 6
305624 1 9
145835 1 5
157715 3 5
-419016 0 -13
-879220 0 -27
-846562 0 -26
-647843 0 -20
-685993 0 -21
-474418 0 -15
-823402 0 -26
162924 1 5
111776 1 3
-667067 0 -21
-142336 2 -4
431930 2 13
746457 2 23
278310 2 9
167234 2 5
409130 2 13
590288 1 18
641292 1 20
40565 1 1
307562 1 10
121522 1 4
530128 1 16
-276243 1 -9
193194 1 6
-209462 1 -6
30348 1 1
313335 1 10
334807 1 10
516353 1 16
210616 1 7
290213 1 9
60532 1 2
251326 1 8
103076 1 3
-115746 1 -4
710218 1 22
91190 1 3
-62636 1 -2
-382670 1 -12
433181 1 13
104137 1 3
582090 1 18
-326933 1 -10
341398 1 11
-414540 1 -13
439399 1 14
224468 1 7
329582 1 10
-49395 1 -2
89437 1 3
298911 1 9
150191 1 5
260245 1 8
-28437 1 -1
317614 1 10
336289 1 10
101829 1 3
111065 1 3
37693 1 1
410674 1 13
43244 1 1
191947 1 6
269040 1 8
600891 1 19
-80465 1 -2
362857 1 11
504267 1 16
97309 1 3
26880 1 1
237606 1 7
582095 1 18
358835 1 11
-315892 1 -10
69394 1 2
-50482 1 -2
339084 1 11
66357 1 2
297442 1 9
-41003 1 -1
254036 1 8
341418 1 11
187436 1 6
167855 1 5
-32987 1 -1
14077 1 0
-18381 1 -1
-77359 1 -2
594356 1 18
-370684 1 -11
203610 1 6
-795828 0 -25
-492218 0 -15
-488055 0 -15
-510411 0 -16
471961 1 15
174855 1 5
-322694 1 -10
-171562 1 -5
383356 1 12
81264 1 3
69283 1 2
48047 1 1
27257 1 1
-483136 1 -15
202230 1 6
-681650 1 -21
32747 1 1
-322397 1 -10
-133152 1 -4
-143167 1 -4
94770 2 3
1005428 2 31
-378800 0 -12
-596885 0 -19
-11285 0 0
-568388 0 -18
-167041 2 -5
532711 2 17
-258146 0 -8
-345273 0 -11
-215678 0 -7
-377994 0 -12
-557105 0 -17
-321002 0 -10
687779 1 21
657752 1 20
-32566 0 -1
-452244 0 -14
241319 0 7
-221541 0 -7
105546 0 3
-231063 0 -7
-395390 0 -12
-482445 0 -15
-439733 0 -14
-625518 0 -19
-903508 0 -28
-767844 0 -24
-514017 0 -16
-331258 0 -10
-149541 0 -5
-722312 0 -22
-668652 0 -21
-513302 0 -16
-663565 0 -21
-390447 0 -12
-782377 0 -24
-1026057 0 -32
-492194 0 -15
-374337 0 -12
-903324 0 -28
-290179 0 -9
-572999 0 -18
-461387 0 -14
-132696 1 -4
54154 1 2
-212386 1 -7
-280421 1 -9
-119300 1 -4
320131 1 10
-72833 1 -2
-676650 0 -21
-390456 0 -12
586789 1 18
305492 1 9
90336 1 3
348188 1 11
380588 1 12
357399 1 11
-158542 1 -5
113094 1 4
605046 1 19
-277997 1 -9
336409 1 10
191524 1 6
102956 1 3
339765 1 11
-309957 1 -10
218940 1 7
658108 1 20
-350180 1 -11
719545 1 22
-7365 1 0
-146432 1 -5
-258207 1 -8
-135047 1 -4
-161419 1 -5
173724 1 5
-331110 1 -10
621165 2 19
329111 2 10
231855 2 7
-75219 1 -2
693255 1 21
-301864 1 -9
-89773 1 -3
329695 1 10
189026 1 6
205420 1 6
-133663 1 -4
498807 1 15
258463 1 8
186108 1 6
-219064 1 -7
230857 1 7
-46142 1 -1
316127 1 10
-285387 1 -9
420056 1 13
-117876 1 -4
130736 1 4
-161637 1 -5
283007 1 9
-145481 1 -5
303056 1 9
-55114 1 -2
-5755 1 0
238597 1 7
279868 1 9
434951 1 13
183597 1 6
355227 1 11
482160 1 15
-35651 1 -1
55429 1 2
141946 1 4
341316 1 11
196246 1 6
65716 1 2
299730 1 9
744479 1 23
40700 1 1
-189179 1 -6
234728 1 7
468808 1 15
322073 1 10
287038 1 9
160562 1 5
62518 1 2
-8164 1 0
216206 1 7
425903 1 13
276698 1 9
235768 1 7
265495 1 8
207043 1 6
501482 1 16
71496 1 2
145932 1 5
547481 1 17
377983 1 12
100837 1 3
568590 1 18
452379 1 14
186233 1 6
113538 1 4
153353 1 5
145956 1 5
-57337 1 -2
109319 1 3
524164 1 16
220473 1 7
95555 1 3
349289 1 11
279233 1 9
210275 1 7
283692 1 9
288974 1 9
257688 1 8
65174 1 2
320854 1 10
-59487 1 -2
470405 1 15
-28325 1 -1
-10788 1 0
137165 1 4
-180368 1 -6
-138503 1 -4
301415 1 9
319406 1 10
60798 1 2
50240 1 2
302548 1 9
-157534 0 -5
-851280 0 -26
-691280 0 -21
-695546 0 -22
-238148 0 -7
-415483 0 -13
-278934 0 -9
-467808 0 -15
-121891 0 -4
-645828 0 -20
-374868 0 -12
-731146 0 -23
-201283 0 -6
-723232 0 -22
-402181 0 -12
-754950 0 -23
-63426 0 -2
-885255 0 -27
-88752 0 -3
-140582 0 -4
-330232 0 -10
-618524 0 -19
-348880 0 -11
-615032 0 -19
-464934 0 -14
-610549 0 -19
143065 0 4
-666061 0 -21
-650767 0 -20
-460477 0 -14
-373627 0 -12
-713613 0 -22
-464244 0 -14
-175708 0 -5
-401489 0 -12
-98986 0 -3
-331910 0 -10
-273588 0 -8
-135586 0 -4
-164609 0 -5
-630089 0 -20
-671157 0 -21
-69569 0 -2
10948 0 0
-477187 0 -15
-422591 0 -13
39015 0 1
-423447 0 -13
-181662 0 -6
-399567 0 -12
-642665 0 -20
-453669 0 -14
-285634 0 -9
-131815 0 -4
-494262 0 -15
-600402 0 -19
-548091 0 -17
-649652 0 -20
-660982 0 -20
-387756 0 -12
-324182 0 -10
-710638 0 -22
-179178 0 -6
-521788 0 -16
-903560 0 -28
-535775 0 -17
164351 0 5
384640 1 12
-28881 1 -1
356212 1 11
89375 1 3
44790 1 1
268240 1 8
124662 1 4
-22405 1 -1
583533 1 18
-83755 1 -3
377401 1 12
-23826 1 -1
-121251 1 -4
-9463 1 0
-409638 1 -13
-324586 1 -10
-127640 1 -4
-237491 1 -7
-447268 1 -14
-329292 1 -10
-211459 1 -7
-72096 1 -2
-207458 1 -6
-238977 1 -7
-12540 1 0
-188479 1 -6
-369796 1 -11
-492037 1 -15
-644431 1 -20
-466508 1 -14
-666990 1 -21
-617910 1 -19
-426926 1 -13
-437736 1 -14
-221887 1 -7
-410170 1 -13
-33846 1 -1
-356573 1 -11
-603304 1 -19
85429 1 3
127739 1 4
-336662 1 -10
-447712 1 -14
-439519 0 -14
-439090 0 -14
-78730 0 -2
-465280 0 -14
-1032329 0 -32
-671922 0 -21
-701693 0 -22
-504216 0 -16
-509823 0 -16
-551132 0 -17
-192671 0 -6
34331 0 1
-311245 0 -10
-556127 0 -17
-524586 0 -16
-350957 0 -11
-171890 0 -5
-467834 0 -15
-4637 0 0
-330682 0 -10
-490445 0 -15
-294746 0 -9
-402822 0 -12
-178873 0 -6
-523911 0 -16
65516 0 2
-350479 0 -11
-517080 0 -16
-305715 0 -9
-288567 0 -9
-86894 0 -3
-102633 0 -3
-369319 0 -11
-227174 0 -7
-471539 0 -15
29469 0 1
-633796 0 -20
-310179 0 -10
-705408 0 -22
-294771 0 -9
-462233 0 -14
-577245 0 -18
-541525 0 -17
-432640 0 -13
-326843 0 -10
-480830 0 -15
-353597 0 -11
-634210 0 -20
-450562 0 -14
-559275 0 -17
-1192500 0 -37
-756380 0 -23
-331954 0 -10
-257695 0 -8
-37851 0 -1
-569847 0 -18
-383730 0 -12
-226327 0 -7
-159286 0 -5
-498081 0 -15
-485689 0 -15
-845483 0 -26
-378732 0 -12
-321845 0 -10
-438558 0 -14
-434311 0 -13
-491747 0 -15
-706039 0 -22
-293008 0 -9
-601917 0 -19
-408519 0 -13
-545324 0 -17
-543053 0 -17
-551865 0 -17
-422002 0 -13
-487226 0 -15
-512721 0 -16
-148645 0 -5
-627943 0 -19
115050 0 4
-462927 0 -14
-424998 0 -13
-199206 0 -6
-597840 0 -19
-463755 0 -14
-433700 0 -13
-438973 0 -14
-386245 0 -12
-496854 0 -15
-440827 0 -14
-294746 0 -9
-492044 0 -15
-469922 0 -15
-538911 0 -17
-493337 0 -15
-388375 0 -12
-814926 0 -25
-274114 0 -8
-359578 0 -11
-422002 0 -13
-658724 0 -20
-436712 0 -14
-618439 0 -19
-515721 0 -16
-495706 0 -15
-524011 0 -16
-444812 0 -14
-372954 0 -12
-645296 0 -20
-175351 0 -5
-299146 0 -9
-618130 0 -19
-476189 0 -15
-357336 0 -11
-55897 0 -2
-287175 0 -9
-179856 0 -6
-76775 0 -2
-523040 0 -16
-643872 0 -20
-327280 0 -10
-106010 0 -3
-315924 0 -10
-107822 0 -3
-365161 0 -11
-664348 0 -21
-473412 0 -15
-138199 0 -4
-414665 0 -13
-357336 0 -11
-193283 0 -6
-512721 0 -16
-293838 0 -9
-702488 0 -22
-338953 0 -11
-428505 0 -13
-449592 0 -14
-536827 0 -17
-603374 0 -19
-317616 0 -10
-554173 0 -17
-481306 0 -15
-354914 0 -11
-407954 0 -13
-516843 0 -16
-159286 0 -5
-58952 0 -2
-790683 0 -25
-478016 0 -15
-179856 0 -6
-228629 0 -7
-76775 0 -2
-374943 0 -12
-606796 0 -19
-638191 0 -20
-659732 0 -20
-433834 0 -13
-672424 0 -21
-208227 0 -6
-801705 0 -25
-170617 0 -5
-638220 0 -20
-327060 0 -10
-829676 0 -26
-311829 0 -10
-495405 0 -15
-411033 0 -13
-619272 0 -19
-311829 0 -10
-689259 0 -21
-538056 0 -17
-892883 0 -28
-648876 0 -20
-385147 1 -12
-126469 1 -4
-272365 1 -8
-927035 1 -29
557126 1 17
-14884 1 0
301181 1 9
-768113 1 -24
131974 1 4
-436814 1 -14
612186 1 19
-252925 1 -8
341456 1 11
-570612 1 -18
556530 1 17
-439775 1 -14
550559 1 17
-219074 1 -7
359205 1 11
-341057 1 -11
336842 1 10
-306767 1 -10
-112047 1 -3
-226750 1 -7
-5289 1 0
116172 1 4
313221 1 10
186733 1 6
241608 1 7
-582130 1 -18
319948 1 10
-4472 1 0
-326676 1 -10
-244144 1 -8
-83343 1 -3
151303 1 5
391272 1 12
-39462 1 -1
240878 1 7
215089 1 7
149778 1 5
244641 1 8
39615 1 1
553728 1 17
-406322 1 -13
-28320 1 -1
131577 1 4
277811 1 9
-38857 1 -1
241308 1 7
82181 1 3
154179 1 5
-439804 1 -14
-114811 1 -4
-320857 1 -10
27247 1 1
-438596 1 -14
-228758 1 -7
48195 1 1
-465964 1 -14
-187330 1 -6
-343408 1 -11
47090 1 1
-410601 1 -13
149054 1 5
624694 1 19
14118 1 0
549851 1 17
-296949 1 -9
226029 1 7
138388 1 4
326461 1 10
512002 1 16
647809 1 20
193267 1 6
683896 1 21
43579 1 1
377662 1 12
158569 1 5
332234 1 10
330859 1 10
486704 1 15
204642 1 6
548748 1 17
524368 1 16
634570 1 20
173708 1 5
612568 1 19
939211 1 29
802167 1 25
654480 1 20
471660 1 15
686745 1 21
324239 1 10
339054 1 11
391988 1 12
500128 1 16
552590 1 17
635944 1 20
66512 1 2
669520 1 21
69055 1 2
283730 1 9
-143494 1 -4
325731 1 10
382131 1 12
808707 1 25
97121 1 3
618547 1 19
481807 1 15
548960 1 17
552027 1 17
326099 1 10
605476 1 19
457316 1 14
618459 1 19
395742 1 12
651862 1 20
441947 1 14
540506 1 17
232236 1 7
49889 1 2
439704 1 14
62906 1 2
420553 1 13
662121 1 21
584746 1 18
270875 1 8
779726 1 24
209986 1 7
202707 1 6
190145 1 6
182829 1 6
198454 1 6
584314 1 18
-357024 1 -11
417005 1 13
-131654 1 -4
358348 1 11
63600 1 2
535706 1 17
-360690 1 -11
396132 1 12
-538195 1 -17
569320 1 18
-110726 1 -3
558619 1 17
-355571 1 -11
471811 1 15
202535 1 6
620802 1 19
50865 1 2
36198 1 1
290202 1 9
882665 1 27
-258261 1 -8
708134 1 22
-222344 1 -7
158282 1 5
-327096 1 -10
598471 1 19
-392296 1 -12
209046 1 6
422335 1 13
78252 1 2
130172 1 4
18376 1 1
36893 1 1
102664 1 3
484474 1 15
438176 1 14
198979 1 6
433968 1 13
424061 1 13
688200 1 21
508820 1 16
414683 1 13
229392 1 7
208643 1 6
493758 1 15
549498 1 17
450500 1 14
174311 1 5
-55730 1 -2
398024 1 12
288515 1 9
864140 1 27
216488 1 7
627966 1 19
317684 1 10
767475 1 24
313928 1 10
-322385 0 -10
-134073 0 -4
-486331 0 -15
-458666 0 -14
-190507 0 -6
35620 0 1
-398656 0 -12
-63372 0 -2
-422716 0 -13
-104360 0 -3
-133350 0 -4
-193501 0 -6
-268048 0 -8
-52906 0 -2
-79861 0 -2
-249090 0 -8
152241 0 5
95482 0 3
-153618 0 -5
-385686 0 -12
-594413 0 -18
-111201 0 -3
-198338 0 -6
14851 0 0
-441815 0 -14
-241226 0 -7
105540 0 3
-363948 0 -11
-293172 0 -9
-495452 0 -15
-68267 0 -2
101431 0 3
-33433 0 -1
-249038 0 -8
-91889 0 -3
-104299 0 -3
77546 0 2
-242544 0 -8
174077 0 5
-117101 0 -4
-840156 0 -26
-102494 0 -3
230292 0 7
39762 0 1
-273675 0 -8
-276827 0 -9
-21572 0 -1
-73572 0 -2
-362442 0 -11
-269144 0 -8
-936394 0 -29
-236402 0 -7
-425921 0 -13
-233769 0 -7
-694654 0 -22
-440402 0 -14
-243331 0 -8
-407380 0 -13
-129259 0 -4
-369456 0 -11
264718 0 8
-172759 0 -5
-266198 0 -8
5941 0 0
-256580 0 -8
-94750 0 -3
-107673 0 -3
-206291 0 -6
-406102 0 -13
-387281 0 -12
-431200 0 -13
-432275 0 -13
-252630 0 -8
-199955 0 -6
-268533 0 -8
-469276 0 -15
-454915 0 -14
-210632 0 -7
-78491 0 -2
-454088 0 -14
-851344 0 -26
-299582 0 -9
-191928 0 -6
-431931 0 -13
-664962 0 -21
-351312 0 -11
-861800 0 -27
-977721 0 -30
-930969 0 -29
-620358 0 -19
-459702 0 -14
-377762 0 -12
-666645 0 -21
-732523 0 -23
-161559 0 -5
-56418 0 -2
71970 1 2
-33987 1 -1
-41502 1 -1
279145 1 9
-140969 1 -4
164238 1 5
694443 1 22
332081 1 10
633586 1 20
243074 1 8
26626 1 1
-14467 1 0
543948 1 17
647321 1 20
-71830 1 -2
290868 1 9
136475 1 4
470785 1 15
-325703 1 -10
-200001 1 -6
226856 1 7
152062 1 5
419969 1 13
391221 1 12
-166170 1 -5
271731 1 8
249696 1 8
81060 1 3
1039346 1 32
111377 1 3
680788 1 21
275358 1 9
946232 1 29
59191 1 2
895531 1 28
428751 1 13
585376 1 18
718608 1 22
108922 1 3
425971 1 13
682818 1 21
90999 1 3
244849 1 8
100586 1 3
419074 1 13
402567 1 12
392838 1 12
272173 1 8
347286 1 11
68831 1 2
547023 1 17
262230 1 8
282673 1 9
-21580 1 -1
188538 1 6
249107 1 8
258551 1 8
281099 1 9
612622 1 19
426046 1 13
544575 1 17
182184 1 6
181317 1 6
-31535 1 -1
359978 1 11
46006 1 1
200553 1 6
137954 1 4
135606 1 4
132063 1 4
53792 1 2
75300 1 2
127626 1 4
81904 1 3
349028 1 11
-87430 1 -3
-182890 1 -6
146087 1 5
-277368 1 -9
532751 1 17
49942 1 2
423161 1 13
-57117 1 -2
73027 1 2
355050 1 11
-168255 1 -5
-120008 1 -4
-211499 1 -7
-228399 1 -7
449368 1 14
-81511 1 -3
69547 1 2
127058 1 4
390171 1 12
-64059 1 -2
653728 1 20
201802 1 6
-39398 1 -1
152834 1 5
209051 1 6
283320 1 9
-234522 1 -7
385228 1 12
393259 1 12
252061 1 8
464109 1 14
56206 1 2
-185022 1 -6
821445 1 25
164184 1 5
685766 1 21
223956 1 7
318420 1 10
47549 1 1
199916 1 6
455627 1 14
138295 1 4
225335 1 7
550648 1 17
1096643 1 34
199546 1 6
556444 1 17
508213 1 16
307022 1 10
746957 1 23
616799 1 19
404044 1 13
280605 1 9
406258 1 13
295882 1 9
705062 1 22
184231 1 6
-74737 1 -2
259743 1 8
748703 1 23
635879 1 20
465176 1 14
281374 1 9
-373497 1 -12
609784 1 19
346961 1 11
8346 1 0
201106 1 6
-89746 1 -3
744293 1 23
381240 1 12
91332 1 3
404878 1 13
319725 1 10
2134 1 0
713466 1 22
-144507 1 -4
555233 1 17
-95115 1 -3
10060 1 0
207329 1 6
676978 1 21
287063 1 9
348128 1 11
212314 1 7
398538 1 12
560398 1 17
538194 1 17
-24916 1 -1
666227 1 21
120384 1 4
48401 1 2
-309771 1 -10
114626 1 4
-80137 0 -2
37417 0 1
-202524 0 -6
47620 0 1
-521729 0 -16
-215793 0 -7
-247966 0 -8
-80372 0 -2
32917 0 1
-182229 0 -6
-562069 0 -17
-71853 0 -2
322514 0 10
-353911 0 -11
-320526 0 -10
-170600 0 -5
155231 0 5
-329520 0 -10
-163651 0 -5
-211652 0 -7
-132528 0 -4
-63086 0 -2
-295704 0 -9
-57104 0 -2
-419204 0 -13
-622344 0 -19
-702374 0 -22
-389220 0 -12
-221172 0 -7
-404802 0 -13
-10562 0 0
-149804 0 -5
-225255 0 -7
-282123 0 -9
-583718 0 -18
85686 1 3
332830 1 10
-140541 1 -4
187857 1 6
-692336 1 -21
103769 1 3
-395603 1 -12
-477075 1 -15
-523345 0 -16
-281592 0 -9
-439775 0 -14
-655945 0 -20
-455163 0 -14
-843604 0 -26
-838999 0 -26
-226261 0 -7
-783345 0 -24
-391835 0 -12
-805959 0 -25
152022 0 5
-735943 0 -23
128833 0 4
-369311 0 -11
52840 0 2
55732 0 2
-474867 0 -15
-440300 0 -14
-149638 0 -5
-502000 0 -16
-389933 0 -12
-313813 0 -10
-89075 0 -3
-285428 0 -9
-396161 0 -12
-314282 0 -10
-524999 0 -16
-537596 0 -17
-60259 0 -2
-645216 0 -20
-563185 0 -17
-319871 0 -10
-772209 0 -24
-234492 0 -7
-610591 0 -19
-542308 0 -17
-370997 0 -12
-367175 0 -11
-255262 0 -8
-503186 0 -16
-702420 0 -22
-399771 0 -12
62449 0 2
-631514 0 -20
-419924 0 -13
-234141 0 -7
-309657 0 -10
-459835 0 -14
-547294 0 -17
-372457 0 -12
-384236 0 -12
-539772 0 -17
-181870 0 -6
76255 0 2
-842090 0 -26
-710739 0 -22
-224859 0 -7
294292 1 9
104256 1 3
24627 1 1
232875 1 7
31347 1 1
278586 1 9
-63900 1 -2
134792 1 4
-106423 1 -3
-151314 1 -5
442947 1 14
174024 1 5
403404 1 13
290247 1 9
463574 1 14
210232 1 7
518815 1 16
574882 1 18
214025 1 7
646899 1 20
110289 1 3
-722343 0 -22
-788981 0 -24
-1029721 0 -32
-755841 0 -23
-551973 0 -17
-671337 0 -21
-794680 0 -25
-881774 0 -27
-508769 0 -16
-784400 0 -24
-479918 0 -15
-1067205 0 -33
-717334 0 -22
-598902 0 -19
-693017 0 -21
-564352 0 -17
-448547 0 -14
-591364 0 -18
-802564 0 -25
-864702 0 -27
-770504 0 -24
-864702 0 -27
-770978 0 -24
-539546 0 -17
-663849 0 -21
-512149 0 -16
-802564 0 -25
-902997 0 -28
-724776 0 -22
-983051 0 -30
-788169 0 -24
-359984 0 -11
-348819 0 -11
-794680 0 -25
-755841 0 -23
-791707 0 -25
-694484 0 -22
-860900 0 -27
-779440 0 -24
-1068913 0 -33
-804819 0 -25
-393125 0 -12
-751976 0 -23
-604773 0 -19
-564740 0 -18
-460017 0 -14
-599655 0 -19
-671975 0 -21
-743937 0 -23
-629889 0 -20
-519845 0 -16
-524539 0 -16
-671472 0 -21
-776694 0 -24
-448079 0 -14
-669565 0 -21
-317145 0 -10
-604637 0 -19
-671384 0 -21
-709492 0 -22
-606602 0 -19
-753109 0 -23
-619517 0 -19
-409877 0 -13
-532497 0 -17
-250995 0 -8
-604355 0 -19
-578975 0 -18
-358503 0 -11
-679938 0 -21
-915566 0 -28
-470759 0 -15
-742392 0 -23
-1121412 0 -35
-692137 0 -21
-614392 0 -19
-765407 0 -24
-814927 0 -25
-399196 0 -12
-448992 0 -14
-832748 0 -26
-905332 0 -28
-736315 0 -23
-619899 0 -19
-543066 0 -17
-632514 0 -20
-576664 0 -18
-558422 0 -17
-869251 0 -27
-563372 0 -17
-788981 0 -24
-927832 0 -29
-983051 0 -30
-551687 0 -17
-521041 0 -16
-527383 0 -16
-929249 0 -29
-658173 0 -20
-535204 0 -17
-727938 0 -23
-699384 7 -22
-766597 7 -24
-633561 7 -20
-345645 7 -11
-653232 7 -20
-794630 7 -25
-733074 7 -23
-509681 7 -16
-742975 7 -23
-352175 7 -11
1402335 6 43
756489 6 23
1024508 6 32
718710 6 22
1233932 6 38
940158 6 29
1146529 6 36
-369080 5 -11
-368058 5 -11
-447205 5 -14
-154462 5 -5
-371987 5 -12
136717 5 4
-241058 5 -7
-51622 5 -2
-141796 5 -4
-395387 5 -12
-105513 4 -3
-249307 4 -8
-44802 4 -1
-368317 4 -11
-8451 4 0
-243101 4 -8
-275656 3 -9
307822 3 10
-571578 7 -18
-887909 7 -28
-1011667 7 -31
-908022 7 -28
-1031905 7 -32
-1065688 7 -33
-602629 7 -19
-930455 7 -29
-868923 7 -27
423334 6 13
1178634 6 37
411281 6 13
794953 6 25
962139 6 30
986644 6 31
1157967 6 36
1083326 6 34
1215106 6 38
1012332 6 31
965251 6 30
-659255 5 -20
-444948 5 -14
-601577 5 -19
-199346 5 -6
-597469 5 -19
-93737 5 -3
-467599 5 -14
-217990 5 -7
-415087 5 -13
-446306 4 -14
-638511 4 -20
-791882 4 -25
-864083 7 -27
-518471 7 -16
-1051861 7 -33
-709083 7 -22
-958824 7 -30
-715003 7 -22
-981445 7 -30
-203796 7 -6
1392175 6 43
1346838 6 42
1326146 6 41
1300342 6 40
1249571 6 39
966995 6 30
1179525 6 37
-542114 5 -17
-408025 5 -13
-375735 5 -12
-801473 5 -25
-64187 5 -2
-1457547 4 -45
42041 4 1
-1213212 4 -38
-280935 4 -9
-711210 4 -22
-203090 4 -6
-341154 4 -11
117090 4 4
165921 4 5
578317 3 18
-313794 3 -10
625191 3 19
63524 3 2
609346 3 19
809952 3 25
33075 3 1
184625 2 6
844518 2 26
231747 2 7
-438611 7 -14
-623152 7 -19
-565190 7 -18
-448185 7 -14
-154414 7 -5
-564856 7 -18
929322 6 29
1198257 6 37
721040 6 22
1231842 6 38
426449 6 13
332851 5 10
276004 5 9
75087 5 2
-26294 5 -1
137715 5 4
177739 5 6
174674 5 5
507583 5 16
103081 5 3
-147092 4 -5
-291886 4 -9
-684824 7 -21
-819649 7 -25
-411262 7 -13
-394329 7 -12
-724554 7 -22
-601528 7 -19
-791567 7 -25
-427747 7 -13
-653928 7 -20
545872 6 17
1672760 6 52
650953 6 20
1347728 6 42
830818 6 26
1004918 6 31
1310420 6 41
985462 6 31
748472 6 23
1043134 6 32
566662 6 18
-41102 5 -1
-336761 5 -10
-763114 7 -24
-715866 7 -22
-791375 7 -25
-757411 7 -23
-801346 7 -25
-763021 7 -24
-430680 7 -13
1012379 6 31
1230005 6 38
938992 6 29
1662920 6 52
937112 6 29
1430927 6 44
689301 6 21
1419123 6 44
1093823 6 34
-688382 5 -21
-15219 5 0
-691062 7 -21
-231607 7 -7
-1076510 7 -33
-358371 7 -11
-842259 7 -26
-522498 7 -16
-1208661 7 -37
-457951 7 -14
-540567 7 -17
-840006 7 -26
-438126 7 -14
-291152 7 -9
-557031 7 -17
-624632 7 -19
745791 6 23
1188476 6 37
1150356 6 36
1294100 6 40
1239952 6 38
1158139 6 36
1449207 6 45
1264267 6 39
1148749 6 36
-1028561 7 -32
-649808 7 -20
-958038 7 -30
-557309 7 -17
-936423 7 -29
-935112 7 -29
-610944 7 -19
-812141 7 -25
-530976 7 -16
-466022 7 -14
-518079 7 -16
-582985 7 -18
1554493 6 48
1083499 6 34
1453218 6 45
540046 6 17
1403611 6 44
460773 6 14
1166399 6 36
804465 6 25
-155713 5 -5
-462863 5 -14
-757184 7 -23
-778293 7 -24
-828982 7 -26
-863441 7 -27
-851045 7 -26
-928877 7 -29
-1220120 7 -38
-431018 7 -13
-870550 7 -27
-556118 7 -17
-592108 7 -18
-753191 7 -23
-271817 7 -8
-832130 7 -26
-188878 7 -6
-871036 7 -27
-218972 7 -7
999784 6 31
687210 6 21
1159112 6 36
672058 6 21
982471 6 30
912894 6 28
987045 6 31
-750783 5 -23
-349577 5 -11
-731764 7 -23
-737721 7 -23
-917874 7 -28
-741127 7 -23
-655086 7 -20
-902977 7 -28
-598057 7 -19
-749519 7 -23
-473896 7 -15
-557301 7 -17
1322483 6 41
928880 6 29
1094453 6 34
1255743 6 39
147111 5 5
274464 5 9
-241679 5 -7
4131 5 0
-203628 5 -6
-203955 5 -6
-834293 4 -26
-421934 4 -13
-670618 4 -21
-448663 4 -14
-816336 4 -25
-804920 4 -25
-911436 4 -28
-647645 4 -20
-607073 4 -19
-650473 4 -20
-177160 4 -5
-946811 7 -29
-627746 7 -19
-1035997 7 -32
-721744 7 -22
-959047 7 -30
-666586 7 -21
-685569 7 -21
-839822 7 -26
-574799 7 -18
-460008 7 -14
1467492 6 45
718099 6 22
1525233 6 47
387020 6 12
1304589 6 40
669174 6 21
1385809 6 43
903064 6 28
-244428 5 -8
-80603 5 -2
-271971 5 -8
-220845 5 -7
179088 5 6
-221448 5 -7
387683 4 12
-465233 4 -14
214652 4 7
-601985 4 -19
-8878 4 0
-539904 4 -17
-406263 4 -13
-900696 7 -28
-684039 7 -21
-783577 7 -24
-640888 7 -20
-700442 7 -22
-403613 7 -13
-406426 7 -13
-259595 7 -8
-739965 7 -23
169129 7 5
-548707 7 -17
1444134 6 45
983020 6 30
1462414 6 45
1057025 6 33
1279334 6 40
1220604 6 38
1220107 6 38
1385996 6 43
69921 5 2
-222362 5 -7
42777 5 1
-419591 5 -13
79617 5 2
-128065 5 -4
262532 4 8
-1624775 4 -50
-825999 7 -26
-479369 7 -15
-377673 7 -12
-567777 7 -18
-982502 7 -30
-912905 7 -28
-570184 7 -18
-469562 7 -15
1093366 6 34
1349047 6 42
536298 6 17
1276484 6 40
282732 6 9
1374880 6 43
-362543 5 -11
-312265 5 -10
-532196 5 -16
-294075 5 -9
-462073 5 -14
-1033541 7 -32
-571544 7 -18
-707125 7 -22
-1177167 7 -36
-728364 7 -23
-621562 7 -19
-918312 7 -28
-537245 7 -17
-862280 7 -27
-267789 7 -8
504831 6 16
1125240 6 35
853535 6 26
982238 6 30
1182651 6 37
287580 5 9
-33364 5 -1
419792 5 13
49730 5 2
203546 5 6
-347431 5 -11
-22801 5 -1
72164 5 2
79877 4 2
157806 4 5
-616599 7 -19
-913107 7 -28
-407062 7 -13
-716645 7 -22
-549539 7 -17
-666704 7 -21
-559329 7 -17
-357841 7 -11
-128138 7 -4
-141856 7 -4
-319002 7 -10
-482898 7 -15
-263844 7 -8
-28713 7 -1
735583 6 23
1169290 6 36
-712553 7 -22
-568937 7 -18
-830179 7 -26
-1019646 7 -32
-660479 7 -20
-376207 7 -12
-297101 7 -9
-218889 7 -7
-264881 7 -8
-396594 7 -12
-149609 7 -5
-160199 7 -5
30665 7 1
-496290 7 -15
6069 7 0
-774647 7 -24
229917 7 7
-1087102 7 -34
857476 6 27
850665 6 26
952642 6 30
880041 6 27
-538236 5 -17
304106 5 9
-475556 5 -15
-6715 5 0
-367077 4 -11
-181382 4 -6
-34196 4 -1
-5266 4 0
52337 4 2
-303369 4 -9
-300324 4 -9
278652 3 9
-121547 3 -4
-217287 3 -7
160904 3 5
90564 3 3
-290499 3 -9
-5301 3 0
45493 3 1
-731997 7 -23
-868038 7 -27
-658364 7 -20
-724133 7 -22
-305057 7 -9
-872896 7 -27
-468743 7 -15
-673087 7 -21
-411912 7 -13
-661520 7 -21
-549119 7 -17
-627655 7 -19
-507331 7 -16
-29746 7 -1
-433162 7 -13
-152664 7 -5
-476496 7 -15
854298 6 26
991008 6 31
679133 6 21
825372 6 26
640962 6 20
758526 6 24
1113188 6 35
702412 6 22
1120552 6 35
783395 6 24
837487 6 26
628715 6 19
-613172 5 -19
20602 5 1
-469615 5 -15
167585 5 5
-735521 5 -23
-199290 5 -6
-1063170 7 -33
-619482 7 -19
-914269 7 -28
-659857 7 -20
-460133 7 -14
-721723 7 -22
-419419 7 -13
-304738 7 -9
1018316 6 32
855141 6 27
962763 6 30
875896 6 27
1336715 6 41
844492 6 26
1214951 6 38
920427 6 29
956834 6 30
-643207 7 -20
-504551 7 -16
-739341 7 -23
-687427 7 -21
-778031 7 -24
-654799 7 -20
-608708 7 -19
-453610 7 -14
-142456 7 -4
-458703 7 -14
1589726 6 49
1201764 6 37
1536881 6 48
836974 6 26
1681625 6 52
985108 6 31
1561394 6 48
841915 6 26
-713825 5 -22
-50696 5 -2
-307382 5 -10
-80713 5 -3
-287928 5 -9
-556729 5 -17
-684361 5 -21
-1090583 4 -34
-400547 7 -12
-1004592 7 -31
-932255 7 -29
-504073 7 -16
-875829 7 -27
-166628 3 -5
118332 3 4
-153068 3 -5
589671 3 18
62569 3 2
324694 3 10
-69531 3 -2
252983 3 8
201814 3 6
321261 3 10
178960 3 6
171568 3 5
14741 3 0
51520 3 2
71528 2 2
488762 2 15
-426899 2 -13
633528 2 20
-266395 2 -8
286620 2 9
-298736 2 -9
130615 2 4
221514 2 7
-869367 4 -27
-747277 4 -23
-456702 4 -14
-616623 4 -19
62320 4 2
-362371 4 -11
661630 3 21
312379 3 10
493578 3 15
276667 3 9
721892 3 22
369328 3 11
682773 3 21
640271 3 20
573755 3 18
-114555 2 -4
102492 2 3
631537 2 20
-341923 2 -11
401083 2 12
-88502 2 -3
390687 2 12
349652 2 11
689589 2 21
-46670 2 -1
836587 2 26
356583 2 11
770886 2 24
-4750 2 0
503956 2 16
311740 2 10
327416 2 10
503122 2 16
521770 2 16
706150 2 22
-502599 4 -16
-736298 4 -23
-797203 4 -25
-730125 4 -23
104349 3 3
611823 2 19
-22246 2 -1
490520 2 15
734927 2 23
360735 2 11
557238 2 17
281852 2 9
520106 2 16
480589 2 15
506192 2 16
589954 2 18
659323 2 20
-428121 5 -13
-308721 5 -10
-129253 5 -4
-422232 5 -13
-406846 5 -13
-438304 5 -14
-283386 4 -9
-563040 4 -17
-163253 4 -5
-374233 4 -12
-656496 4 -20
-497242 4 -15
-337553 3 -10
88821 3 3
4393 3 0
-140229 3 -4
210072 3 7
-11981 3 0
238571 3 7
86360 2 3
-137523 2 -4
112174 2 3
-53082 2 -2
304171 2 9
367710 2 11
87676 2 3
182859 2 6
350269 2 11
411662 2 13
623136 2 19
-23694 2 -1
621561 2 19
-724161 5 -22
-120783 5 -4
-1123073 5 -35
-223071 5 -7
-1054425 5 -33
-122011 5 -4
-217907 5 -7
-215818 5 -7
-255769 5 -8
-179142 5 -6
208456 5 6
-195741 5 -6
-247222 5 -8
-789330 5 -24
-300563 5 -9
59139 4 2
-845859 4 -26
287217 4 9
-488811 4 -15
101342 4 3
-27392 3 -1
1065576 3 33
219251 3 7
946625 3 29
300337 3 9
889271 3 28
279753 3 9
40243 3 1
309026 3 10
-98440 3 -3
278714 3 9
-195906 3 -6
242638 3 8
14976 3 0
167943 3 5
-97896 3 -3
-48728 3 -2
-627145 2 -19
13651 2 0
-274809 2 -9
319541 2 10
-729155 2 -23
567040 2 18
-234955 2 -7
411654 2 13
-69044 2 -2
419565 2 13
-325243 2 -10
1424013 6 44
105319 5 3
63903 5 2
-488141 5 -15
54543 5 2
9908 5 0
62504 5 2
-5723 4 0
-169087 4 -5
-25106 4 -1
-139885 4 -4
10062 4 0
-117382 4 -4
88297 4 3
-74218 3 -2
-171590 3 -5
221942 3 7
-262474 3 -8
-51013 3 -2
80697 3 3
-104244 3 -3
-117440 2 -4
-316204 2 -10
-259474 2 -8
-374551 2 -12
-146263 2 -5
187530 2 6
30307 2 1
12248 2 0
637683 2 20
-169876 2 -5
289424 2 9
-189574 2 -6
294826 2 9
-373475 2 -12
-34454 2 -1
864959 2 27
129544 2 4
575254 2 18
-50389 5 -2
-459778 5 -14
384752 4 12
-227428 4 -7
171883 4 5
-221381 4 -7
87698 4 3
-195285 4 -6
-252730 4 -8
-523061 4 -16
-248006 4 -8
-355252 4 -11
566273 2 18
445275 2 14
-133813 1 -4
345987 1 11
-42808 1 -1
709541 1 22
19835 1 1
786903 1 24
117680 1 4
476697 1 15
-297261 1 -9
-152876 1 -5
36684 1 1
-396538 0 -12
-391134 0 -12
-279475 0 -9
-455085 0 -14
-171266 0 -5
-84843 0 -3
-299043 0 -9
-44563 0 -1
-136947 0 -4
-413514 0 -13
-464385 0 -14
-122024 0 -4
-157391 0 -5
32639 0 1
-261346 0 -8
-619724 0 -19
-234333 0 -7
-559481 0 -17
-661389 0 -21
-451133 0 -14
110911 0 3
-401020 0 -12
-448498 0 -14
-83901 0 -3
-740313 0 -23
-324900 0 -10
-356175 0 -11
-396312 0 -12
-616324 0 -19
-80177 0 -2
-712128 0 -22
144788 0 4
-613565 0 -19
-165228 0 -5
-632168 0 -20
-40249 0 -1
-512036 0 -16
-2707 0 0
-521168 0 -16
-375147 0 -12
-373521 0 -12
-460248 0 -14
-748269 0 -23
-524161 0 -16
-310361 0 -10
-12745 0 0
-287153 0 -9
-616564 0 -19
-466458 0 -14
-315477 0 -10
-588151 0 -18
-583261 0 -18
-385075 0 -12
-592693 0 -18
-488166 0 -15
-570077 0 -18
-434806 0 -13
-697892 0 -22
-496127 0 -15
-440896 0 -14
-68240 0 -2
-672995 0 -21
-155753 0 -5
-775533 0 -24
-206396 0 -6
-387262 0 -12
-379990 0 -12
-543868 0 -17
-702376 0 -22
-581259 0 -18
-307938 0 -10
-843679 0 -26
-351870 5 -11
-275617 4 -9
-397346 4 -12
173615 4 5
-237256 4 -7
224404 4 7
-367063 4 -11
328015 4 10
-509931 4 -16
-84043 4 -3
-509643 4 -16
53454 4 2
-280883 4 -9
20643 4 1
-690572 4 -21
97007 4 3
-736068 4 -23
242241 4 8
-458188 4 -14
375667 4 12
-607652 4 -19
167072 4 5
399423 3 12
366679 3 11
487016 3 15
294887 3 9
573302 3 18
351065 3 11
-48040 3 -1
321531 3 10
189085 3 6
278491 3 9
325169 3 10
677077 3 21
352533 3 11
465268 3 14
421039 3 13
537320 3 17
823165 3 26
508120 3 16
228791 2 7
402338 2 12
395735 1 12
50153 1 2
406763 1 13
101095 1 3
-35982 1 -1
236502 1 7
334341 1 10
-102077 1 -3
115252 1 4
42952 1 1
602308 1 19
-72176 1 -2
367677 1 11
245281 1 8
223464 1 7
-351776 1 -11
-149912 1 -5
-4993 1 0
-52675 1 -2
124049 1 4
30413 1 1
262797 1 8
-143373 1 -4
313052 1 10
249738 1 8
359438 1 11
538696 1 17
555848 1 17
68672 1 2
231099 1 7
53469 1 2
39867 1 1
-391484 1 -12
1763 1 0
136150 1 4
637310 1 20
15409 1 0
95051 1 3
-492309 1 -15
40863 1 1
-580963 1 -18
-316410 1 -10
-123905 1 -4
-690840 1 -21
-242635 1 -8
190393 1 6
-270525 1 -8
-197031 1 -6
-333004 1 -10
393207 1 12
-177832 1 -6
-526199 1 -16
-120229 1 -4
-672827 1 -21
-202737 1 -6
32717 1 1
225445 1 7
17717 1 1
-67478 1 -2
-175410 1 -5
-131936 1 -4
175656 1 5
325058 1 10
-8766 1 0
257896 1 8
106238 1 3
707348 1 22
512592 1 16
113356 1 4
352104 1 11
428243 1 13
137957 1 4
177774 1 6
91886 1 3
-111115 1 -3
248988 1 8
137836 1 4
14099 1 0
78834 1 2
138063 1 4
420729 1 13
237514 1 7
2299 1 0
75432 1 2
144110 1 4
-418432 1 -13
285491 1 9
-377188 1 -12
-410651 1 -13
208921 1 6
-730982 0 -23
-711291 0 -22
-756302 0 -23
-630424 0 -20
-581129 0 -18
-42364 0 -1
-413896 0 -13
-392291 0 -12
-402513 0 -12
-571609 0 -18
-402827 0 -12
-987555 0 -31
-200850 0 -6
-514490 0 -16
-660802 0 -20
-808384 0 -25
-594612 0 -18
-672167 0 -21
-546734 0 -17
-444901 0 -14
-305803 0 -9
-449936 0 -14
-340100 0 -11
-441654 0 -14
-789183 0 -24
-527412 0 -16
-525548 0 -16
-499661 0 -15
-860362 0 -27
-93126 0 -3
-107732 0 -3
-122718 0 -4
-245236 0 -8
-346819 0 -11
190125 0 6
-470381 0 -15
-675608 0 -21
-118008 0 -4
-157592 0 -5
-422563 0 -13
-405029 0 -13
-235070 0 -7
-314232 0 -10
-621489 0 -19
-431162 0 -13
-276239 0 -9
-593385 0 -18
-487301 0 -15
-391845 0 -12
-278706 0 -9
-302364 0 -9
-340622 0 -11
-265193 0 -8
-458812 0 -14
-246163 0 -8
-798435 0 -25
-201309 0 -6
-362664 0 -11
18924 0 1
-570464 0 -18
-343723 0 -11
-724793 0 -22
-289346 0 -9
-104075 0 -3
-511354 0 -16
-535820 0 -17
-262295 0 -8
122876 0 4
93509 3 3
115505 3 4
277001 3 9
173829 3 5
229009 3 7
-145965 3 -5
55640 3 2
-432293 3 -13
441598 3 14
-89481 3 -3
493293 2 15
-113328 2 -4
520319 2 16
-135824 2 -4
-168188 2 -5
221747 2 7
-620607 4 -19
-425042 4 -13
-497335 4 -15
-196053 4 -6
-235999 4 -7
-707591 4 -22
583075 3 18
-136579 3 -4
-83283 3 -3
379596 4 12
3274 4 0
-375579 4 -12
-82185 4 -3
-256041 4 -8
-538286 4 -17
-564663 4 -18
-420157 4 -13
-500077 4 -16
-631921 4 -20
-735304 4 -23
-401902 4 -12
-526099 4 -16
-686905 4 -21
-824731 4 -26
-1190465 4 -37
-649288 4 -20
-946799 4 -29
155585 2 5
-304178 2 -9
208851 2 6
-116400 2 -4
376703 2 12
-199064 2 -6
193914 2 6
-253271 4 -8
-961578 4 -30
-24636 4 -1
-578679 4 -18
-24551 4 -1
753055 3 23
289050 3 9
948979 3 29
15661 5 0
-72319 4 -2
407416 4 13
-304572 4 -9
412793 4 13
-63318 4 -2
-354185 4 -11
133792 3 4
518453 2 16
380682 2 12
-30175 2 -1
-61888 2 -2
-141576 2 -4
372955 2 12
-630276 0 -20
-581494 0 -18
-1022131 0 -32
-745461 0 -23
-939604 0 -29
-482315 0 -15
-521041 0 -16
-770504 0 -24
-759605 0 -24
-620378 0 -19
-1116658 0 -35
-1019000 0 -32
-818254 0 -25
-651162 0 -20
-716784 0 -22
-436733 0 -14
-688645 0 -21
-626609 0 -19
-444413 0 -14
-486641 0 -15
-766329 0 -24
-457278 0 -14
-686343 0 -21
-609937 0 -19
-1009283 0 -31
-748574 0 -23
-571393 0 -18
-386778 0 -12
-937245 0 -29
-881774 0 -27
-172535 0 -5
-978221 0 -30
-748662 0 -23
-749755 0 -23
-587642 0 -18
-439311 0 -14
-643228 0 -20
-446410 0 -14
-247468 0 -8
-882748 0 -27
-558856 0 -17
-602944 0 -19
-436191 0 -14
-724875 0 -22
-224812 0 -7
-627516 0 -19
-432432 0 -13
-872734 0 -27
-211009 0 -7
-562787 0 -17
-550545 0 -17
-660905 0 -20
-406813 0 -13
-564430 0 -17
-515991 0 -16
-313713 0 -10
-236814 5 -7
-309736 5 -10
58665 5 2
-932226 5 -29
-90468 5 -3
-815368 5 -25
-172501 4 -5
77244 4 2
-421395 4 -13
33025 4 1
-46831 4 -1
200243 3 6
150764 3 5
-146768 3 -5
-308832 3 -10
-267026 3 -8
436628 2 14
277480 2 9
-98667 2 -3
694332 2 22
80558 2 2
682007 2 21
344498 2 11
264319 1 8
-250433 1 -8
-35090 1 -1
-59495 1 -2
-186748 1 -6
-30161 1 -1
48766 1 2
14233 1 0
-360306 1 -11
-324210 1 -10
-436437 1 -14
-32761 1 -1
-35986 1 -1
42492 1 1
-376227 1 -12
-402333 0 -12
-451087 5 -14
-131151 5 -4
-278516 5 -9
-24148 5 -1
-175077 5 -5
-380444 4 -12
269846 2 8
55613 2 2
203111 2 6
-234565 2 -7
228167 2 7
616061 2 19
347375 2 11
297338 2 9
423945 2 13
181219 2 6
277860 2 9
392463 2 12
227165 2 7
450511 2 14
138165 2 4
530866 2 16
137650 2 4
421682 2 13
-39419 2 -1
743612 2 23
-267538 0 -8
-284995 0 -9
254387 0 8
159419 0 5
-176978 0 -5
-133128 0 -4
-515918 0 -16
-526290 0 -16
-574483 0 -18
-429712 0 -13
-719026 0 -22
-568083 0 -18
-342544 0 -11
-303270 0 -9
-893637 0 -28
-222619 0 -7
-162091 2 -5
271211 2 8
-348165 2 -11
37193 2 1
-248289 2 -8
148317 2 5
-82306 2 -3
186637 2 6
240324 2 7
132373 2 4
-101346 2 -3
-462750 2 -14
134216 2 4
-264372 2 -8
262969 2 8
168767 2 5
-98163 1 -3
-555385 1 -17
103960 1 3
-443178 1 -14
-201332 1 -6
-369861 1 -11
159088 1 5
-119781 1 -4
-179301 1 -6
104551 1 3
-138640 1 -4
78622 1 2
-515994 1 -16
487928 1 15
-901019 1 -28
-64324 4 -2
-534629 4 -17
172499 4 5
-580944 4 -18
-42298 4 -1
-402242 4 -12
-189532 3 -6
622305 3 19
-93607 3 -3
792185 3 25
-448950 3 -14
727270 3 23
-483679 2 -15
222595 2 7
-197620 2 -6
222894 2 7
549494 2 17
319096 2 10
627235 2 19
-282063 2 -9
171491 2 5
-166866 2 -5
577786 1 18
-89278 1 -3
367881 1 11
9158 1 0
193290 1 6
-38235 1 -1
160026 1 5
93833 1 3
32851 1 1
26342 1 1
-178482 1 -6
44056 1 1
72549 1 2
507645 1 16
8927 1 0
-53103 1 -2
100603 1 3
26330 1 1
453808 1 14
137303 1 4
378209 1 12
-107763 1 -3
-147703 1 -5
53642 1 2
338834 1 11
237638 1 7
383339 1 12
264202 1 8
265042 1 8
701049 1 22
-100983 1 -3
-584662 0 -18
-353541 0 -11
-555323 0 -17
-417093 0 -13
-540911 0 -17
-518849 0 -16
-479385 0 -15
-625106 0 -19
-592386 0 -18
-762938 0 -24
-493309 0 -15
-341412 0 -11
-574491 0 -18
-377246 0 -12
-411437 0 -13
-391158 0 -12
-596148 0 -18
-419132 0 -13
-1033417 0 -32
-320061 0 -10
-509827 0 -16
-492490 0 -15
-769901 0 -24
14391 0 0
1262 0 0
-149178 0 -5
-566558 0 -18
-505309 0 -16
-72068 0 -2
-50328 0 -2
-348789 0 -11
40346 0 1
-206574 0 -6
-529720 0 -16
-447624 0 -14
-363673 0 -11
-493530 0 -15
-669845 0 -21
-237252 0 -7
-487128 0 -15
-735960 0 -23
-835441 0 -26
-811108 0 -25
-946192 0 -29
-566063 0 -18
-528634 0 -16
-474503 0 -15
-976316 0 -30
-339863 0 -11
-622141 0 -19
-353044 0 -11
-149483 0 -5
-70217 0 -2
-420597 0 -13
-633647 0 -20
62444 0 2
-308896 0 -10
-290376 0 -9
-571555 0 -18
-258868 0 -8
-230578 0 -7
-492304 0 -15
-198768 0 -6
-246458 0 -8
-149719 0 -5
-182266 0 -6
-180335 0 -6
-164719 0 -5
-535856 0 -17
-612905 0 -19
-401869 0 -12
-808340 0 -25
-108782 4 -3
-1032995 4 -32
14884 4 0
-735419 4 -23
-194345 4 -6
-292788 4 -9
-492449 4 -15
-214708 3 -7
492017 3 15
-168617 3 -5
291952 3 9
-411522 3 -13
759373 3 24
-457663 3 -14
877235 3 27
-25135 2 -1
535263 2 17
815216 2 25
789744 2 24
385979 2 12
495994 2 15
357414 2 11
646341 2 20
204207 2 6
684740 2 21
110358 1 3
497095 1 15
405933 1 13
228241 1 7
194913 1 6
301596 1 9
244812 1 8
374150 1 12
199241 1 6
-357021 1 -11
-205571 1 -6
-346754 1 -11
-429001 1 -13
-107726 1 -3
-229570 1 -7
-254610 1 -8
-625245 1 -19
-193629 1 -6
-416995 1 -13
-260562 1 -8
-87917 1 -3
-843528 1 -26
-435056 1 -13
-894488 1 -28
-382744 1 -12
302537 1 9
-219649 1 -7
-690522 1 -21
141487 1 4
109337 1 3
-88393 1 -3
-47728 1 -1
-43469 1 -1
-276336 1 -9
-99406 1 -3
-56524 1 -2
-330368 1 -10
-255455 1 -8
-490948 1 -15
-406335 1 -13
-11699 1 0
-121116 1 -4
-47605 1 -1
-55048 1 -2
78774 1 2
-258896 1 -8
393509 1 12
-242125 1 -8
223275 1 7
-180350 1 -6
-8899 1 0
55669 5 2
-257853 5 -8
56041 5 2
39417 5 1
-461249 4 -14
-240436 4 -7
-108851 4 -3
-380237 4 -12
-333337 4 -10
-351175 4 -11
-295466 4 -9
-303939 3 -9
110927 3 3
-114952 3 -4
-294467 3 -9
-545270 3 -17
-95903 3 -3
-524961 3 -16
221798 2 7
550624 2 17
-55148 2 -2
177816 2 6
8126 2 0
533355 2 17
-132052 2 -4
210347 2 7
-177604 2 -6
553031 2 17
-128536 2 -4
-143554 1 -4
-431731 1 -13
-40660 1 -1
-364712 1 -11
-297505 1 -9
-526003 0 -16
-673228 0 -21
-435138 0 -13
-301945 0 -9
-710678 0 -22
-110143 0 -3
-608395 0 -19
-376679 0 -12
-262458 0 -8
-181472 0 -6
-575681 0 -18
-217114 0 -7
-634919 0 -20
-521522 0 -16
-509920 0 -16
-415719 0 -13
-207445 0 -6
-369436 0 -11
-626661 0 -19
-366276 0 -11
-309695 0 -10
-397679 0 -12
-465132 4 -14
-250081 4 -8
-502331 4 -16
-111530 4 -3
-351648 4 -11
-68848 4 -2
-229267 4 -7
-959990 4 -30
-113744 4 -4
-6205 3 0
-566874 3 -18
-114668 3 -4
-349899 3 -11
-150098 3 -5
-163363 3 -5
-329065 3 -10
-129871 3 -4
-367575 3 -11
-455514 2 -14
54041 2 2
100612 2 3
65294 2 2
-354535 2 -11
149500 2 5
-405762 1 -13
-414310 1 -13
-351744 1 -11
-320859 1 -10
161390 1 5
150041 1 5
804132 1 25
-108304 1 -3
195843 1 6
223834 1 7
-244218 1 -8
-230236 1 -7
-21338 1 -1
3716 1 0
89973 1 3
362002 1 11
-80870 1 -3
746902 1 23
16497 1 1
429054 1 13
-36317 1 -1
357480 1 11
161384 1 5
443677 1 14
130436 1 4
-156815 1 -5
118332 1 4
199783 1 6
131109 1 4
132744 1 4
281141 1 9
364375 1 11
413990 1 13
428800 1 13
675552 1 21
347270 1 11
-18924 1 -1
597745 1 19
180630 1 6
277118 1 9
762837 1 24
436642 1 14
747007 1 23
524915 1 16
379611 1 12
378281 1 12
418628 1 13
-6897 1 0
-131753 1 -4
-63319 1 -2
756132 1 23
-82013 1 -3
-296132 1 -9
15064 1 0
42634 1 1
-66226 1 -2
97482 1 3
82007 1 3
190302 1 6
379446 1 12
74364 1 2
644675 1 20
99368 1 3
456869 1 14
-26076 1 -1
640001 1 20
-232620 0 -7
-488180 0 -15
-573776 0 -18
-480312 0 -15
-929655 0 -29
-85467 0 -3
-769184 0 -24
-784111 0 -24
-640506 0 -20
-387116 0 -12
-506557 0 -16
210798 0 7
-650951 0 -20
-320987 0 -10
-674648 0 -21
118278 0 4
-907712 0 -28
-349036 0 -11
-574540 0 -18
-286071 0 -9
-559464 0 -17
303179 0 9
-797885 0 -25
46200 0 1
-584773 0 -18
-511764 0 -16
-668977 0 -21
-387403 0 -12
-117002 0 -4
-1706 0 0
-85266 0 -3
-363490 0 -11
-113075 0 -4
-318087 0 -10
-507370 0 -16
-37973 0 -1
80811 0 3
-178110 0 -6
-560396 0 -17
-259104 0 -8
-578972 0 -18
256417 0 8
-537819 0 -17
-211344 0 -7
-400159 0 -12
-52006 0 -2
-605290 0 -19
-315095 0 -10
-399166 0 -12
-98512 0 -3
-261942 0 -8
29072 0 1
-608650 0 -19
-243946 0 -8
-281579 0 -9
-702808 0 -22
-377194 0 -12
-304744 0 -9
-270304 0 -8
-702810 0 -22
-647907 0 -20
-421111 0 -13
-422985 0 -13
-146936 0 -5
-411117 0 -13
-679851 0 -21
-365446 0 -11
-270138 0 -8
-120919 0 -4
-808041 0 -25
-434076 0 -13
-900926 0 -28
-48427 0 -2
-804494 0 -25
-213601 0 -7
-452303 0 -14
274034 0 8
-741834 0 -23
-321397 0 -10
-687365 0 -21
-205698 0 -6
-226627 0 -7
-358803 0 -11
-350502 0 -11
-28595 0 -1
-266899 0 -8
-403174 0 -12
-563661 0 -17
-43701 0 -1
-153215 0 -5
-247323 0 -8
-871810 0 -27
-118171 0 -4
-459568 0 -14
-380419 0 -12
-899981 0 -28
-125959 0 -4
-999470 0 -31
-224330 0 -7
-632601 0 -20
-243494 0 -8
-612739 0 -19
-618546 0 -19
-754490 0 -23
-621877 0 -19
-937252 0 -29
-694975 0 -22
-552092 0 -17
-389905 0 -12
-915132 0 -28
-1001036 0 -31
-385726 0 -12
-500397 0 -16
-694415 0 -22
-430978 0 -13
-1017501 0 -32
-650341 0 -20
-742408 0 -23
-538855 0 -17
-589925 0 -18
-553383 0 -17
-691610 0 -21
-361805 0 -11
-541736 0 -17
-382692 0 -12
-867541 0 -27
-638957 0 -20
-1012479 0 -31
-634685 0 -20
-841423 0 -26
-539295 0 -17
-801405 0 -25
-295245 0 -9
-1014802 0 -31
-658462 0 -20
-549179 0 -17
-714693 0 -22
-743777 0 -23
-137454 0 -4
-595364 0 -18
-414696 0 -13
-929274 0 -29
-392095 0 -12
-759686 0 -24
-527814 0 -16
-338690 0 -10
-598467 0 -19
-359389 0 -11
-408715 0 -13
-137967 0 -4
-434904 0 -13
-109333 0 -3
-115318 0 -4
-300358 0 -9
1096561 6 34
1954361 6 61
1124389 6 35
673481 6 21
1756622 6 54
778348 6 24
1571768 6 49
954075 6 30
1583673 6 49
1149811 6 36
-369184 5 -11
-473785 5 -15
189082 5 6
31421 5 1
231545 5 7
50283 5 2
699652 5 22
-145442 5 -5
125984 5 4
-36932 4 -1
-521581 4 -16
-125350 4 -4
-153081 4 -5
-631037 4 -20
55365 4 2
-471205 4 -15
69809 4 2
-170111 4 -5
-176373 3 -5
307522 3 10
-602233 3 -19
69544 3 2
-114776 3 -4
2384 3 0
-113643 3 -4
181818 3 6
-8119 3 0
341180 3 11
577031 2 18
-18801 2 -1
510607 2 16
398290 2 12
598641 2 19
728686 2 23
461980 2 14
215325 2 7
344425 2 11
197937 2 6
264728 2 8
-134322 1 -4
61198 1 2
182132 1 6
-294251 1 -9
206371 1 6
-17851 1 -1
97711 1 3
89815 1 3
158158 1 5
162646 1 5
79726 1 2
445772 1 14
-130672 1 -4
234912 1 7
-258589 1 -8
543149 1 17
-368409 1 -11
541554 1 17
238359 1 7
75541 1 2
107086 1 3
187768 1 6
196401 1 6
69326 1 2
-64811 1 -2
122067 1 4
65233 1 2
-216383 1 -7
177945 1 6
-186501 1 -6
517160 1 16
-494776 1 -15
-500697 0 -16
-738285 0 -23
-845394 0 -26
-706135 0 -22
-668558 0 -21
-734554 0 -23
-661028 0 -20
-567036 0 -18
-470686 0 -15
-463530 0 -14
-862960 0 -27
-491495 0 -15
-985574 0 -31
170220 3 5
391227 3 12
112737 3 3
306567 3 10
297062 3 9
259570 3 8
273945 3 8
464819 3 14
50132 2 2
11125 2 0
435068 2 13
-123764 2 -4
125373 2 4
-184202 2 -6
-71649 2 -2
-21538 2 -1
173754 2 5
439609 2 14
177165 2 5
184933 1 6
191869 1 6
-85342 1 -3
178179 1 6
90867 1 3
-77124 1 -2
410145 1 13
265072 1 8
364362 1 11
75662 1 2
320708 1 10
323848 1 10
202636 1 6
316939 1 10
448890 1 14
278143 1 9
346768 1 11
349343 1 11
634579 1 20
228483 1 7
332043 1 10
144138 1 4
110236 1 3
327689 1 10
206902 1 6
388459 1 12
-547432 1 -17
-113342 1 -4
54579 1 2
146704 1 5
-339131 1 -11
72132 1 2
20507 1 1
519589 1 16
-12920 1 0
29769 1 1
-292891 1 -9
47251 1 1
-303249 1 -9
-158279 1 -5
-327346 1 -10
57836 1 2
57608 1 2
-573434 1 -18
-54960 1 -2
-331311 1 -10
-182358 1 -6
-424448 1 -13
-586391 1 -18
-94064 1 -3
54009 1 2
-369591 1 -11
-235188 1 -7
-779607 0 -24
-684602 0 -21
-820661 0 -25
-316146 0 -10
-435791 0 -14
-875741 0 -27
-568277 0 -18
-570010 0 -18
-698059 0 -22
-672540 0 -21
-567932 0 -18
-566834 0 -18
-494220 0 -15
-329396 0 -10
-786954 0 -24
-386971 0 -12
-415511 0 -13
-825802 0 -26
-673263 0 -21
-665709 0 -21
-489945 0 -15
-901145 0 -28
-497922 0 -15
-293196 0 -9
-627448 0 -19
-761252 0 -24
-950756 0 -29
-396020 0 -12
-527140 0 -16
-496865 0 -15
-434174 0 -13
-514143 0 -16
-708882 0 -22
-511063 0 -16
-1183437 0 -37
-703608 0 -22
-547783 0 -17
-597484 0 -19
-891076 0 -28
-432093 0 -13
-647512 0 -20
-605226 0 -19
-308694 0 -10
-455765 0 -14
-217247 0 -7
-513831 0 -16
-335433 0 -10
-386759 0 -12
-591167 0 -18
-739323 0 -23
-248333 0 -8
-495860 0 -15
-473299 0 -15
-632638 0 -20
-451194 0 -14
-602289 0 -19
-547832 0 -17
-466993 0 -14
56134 0 2
-683221 0 -21
-331791 0 -10
-322394 0 -10
-550304 0 -17
-304298 0 -9
-115413 0 -4
-459768 0 -14
-239750 0 -7
-210311 0 -7
-391139 0 -12
-483015 0 -15
-213072 0 -7
-341949 0 -11
-528642 0 -16
-367560 0 -11
-658070 0 -20
-555069 0 -17
-875693 0 -27
-254809 0 -8
-157229 0 -5
-646000 0 -20
-553521 0 -17
-459220 0 -14
-169419 0 -5
-541984 0 -17
-630370 0 -20
-689655 0 -21
-679264 0 -21
-486239 0 -15
-354406 0 -11
-361406 0 -11
-393056 0 -12
-656242 0 -20
-295579 0 -9
-388414 0 -12
-392697 0 -12
-777519 0 -24
-147509 0 -5
-661377 0 -21
-351578 0 -11
-731446 0 -23
-93389 0 -3
-169299 0 -5
-252653 0 -8
-340582 0 -11
-350022 0 -11
150408 0 5
-382443 0 -12
-149843 0 -5
-506429 0 -16
-619756 0 -19
-467352 0 -14
-339496 0 -11
-571257 0 -18
-452651 0 -14
-745366 0 -23
-312389 0 -10
-605908 0 -19
-118456 0 -4
-414026 0 -13
-546732 0 -17
-648399 0 -20
-315082 0 -10
-375583 0 -12
-752909 0 -23
-817609 0 -25
-862978 0 -27
-727842 0 -23
-345330 0 -11
-618994 0 -19
-397219 0 -12
-573339 7 -18
181820 7 6
-290805 7 -9
1375576 6 43
-939273 7 -29
-1045773 7 -32
-605307 7 -19
344373 7 11
